%YAML:1.0
MarkerSize:
   width: 379
   height: 187
MarkerOrigin:
   x: 198
   y: 235
WorldScale: 6.2999999523162842e-001
WorldAngle: 4.5856509208679199e+000
MARKER_DEPTH: 894.
KinectTransform: !!opencv-matrix
   rows: 4
   cols: 4
   dt: f
   data: [ 9.96757865e-001, -7.91669339e-002, -1.53052164e-002,
       2.05177322e+002, -7.97031745e-002, -9.96094525e-001,
       -3.83538790e-002, 2.53545456e+001, -1.22089135e-002,
       3.94488536e-002, -9.99161005e-001, 9.00874634e+002, 0., 0., 0.,
       1. ]
