%YAML:1.0
MarkerSize:
   width: 379
   height: 187
MarkerOrigin:
   x: 248
   y: 117
WorldScale: 6.3999998569488525e-001
WorldAngle: 1.4737514495849609e+001
MARKER_DEPTH: 878.
KinectTransform: !!opencv-matrix
   rows: 4
   cols: 4
   dt: f
   data: [ 9.64022875e-001, -2.48314425e-001, 3.05141080e-002,
       1.28905853e+002, -2.50141323e-001, -9.54471767e-001,
       1.35440931e-001, 3.34613228e+001, -4.52537881e-003,
       -1.38761953e-001, -9.86233175e-001, 8.91338379e+002, 0., 0., 0.,
       1. ]
