%YAML:1.0
MarkerSize:
   width: 377
   height: 186
MarkerOrigin:
   x: 258
   y: 136
WorldScale: 6.3999998569488525e-001
WorldAngle: 1.1532064437866211e+001
MARKER_DEPTH: 903.
KinectTransform: !!opencv-matrix
   rows: 4
   cols: 4
   dt: f
   data: [ 9.73089039e-001, -2.02901661e-001, -1.07731333e-003,
       1.29931915e+002, -2.02863052e-001, -9.72983181e-001,
       1.49315745e-002, 1.26467369e+002, -4.10238747e-003,
       -1.43973231e-002, -9.93905663e-001, 8.97988281e+002, 0., 0., 0.,
       1. ]
