%YAML:1.0
MarkerSize:
   width: 377
   height: 186
MarkerOrigin:
   x: 278
   y: 132
WorldScale: 6.2000000476837158e-001
WorldAngle: 3.0845148563385010e+000
MARKER_DEPTH: 901.
KinectTransform: !!opencv-matrix
   rows: 4
   cols: 4
   dt: f
   data: [ 9.87175703e-001, -5.42814657e-002, 7.08624953e-003,
       6.76567993e+001, -5.43677993e-002, -9.87117589e-001,
       1.24718649e-002, 1.53600464e+002, 6.39022887e-003,
       -1.28424028e-002, -9.88588274e-001, 8.93592285e+002, 0., 0., 0.,
       1. ]
