%YAML:1.0
MarkerSize:
   width: 381
   height: 188
MarkerOrigin:
   x: 250
   y: 192
WorldScale: 6.4999997615814209e-001
WorldAngle: 1.5736108779907227e+001
MARKER_DEPTH: 901.
KinectTransform: !!opencv-matrix
   rows: 4
   cols: 4
   dt: f
   data: [ 9.61005926e-001, -2.71041214e-001, 4.96688904e-003,
       1.22091507e+002, -2.71041453e-001, -9.61018443e-001,
       -6.42327534e-004, 4.33580666e+001, 4.95475624e-003,
       -7.30040774e-004, -9.98496473e-001, 8.99679749e+002, 0., 0., 0.,
       1. ]
