%YAML:1.0
MarkerSize:
   width: 383
   height: 189
MarkerOrigin:
   x: 110
   y: 234
WorldScale: 6.0000002384185791e-001
WorldAngle: 6.0359182357788086e+000
MARKER_DEPTH: 811.
KinectTransform: !!opencv-matrix
   rows: 4
   cols: 4
   dt: f
   data: [ 1.00130057e+000, -1.14847690e-001, 1.11286111e-001,
       2.15805557e+002, -1.17526956e-001, -1.00699174e+000,
       1.82334129e-002, -4.31751976e+001, 1.08452782e-001,
       -3.09038721e-002, -1.00770056e+000, 8.73587402e+002, 0., 0., 0.,
       1. ]
